{
  "asset": {
    "version": "2.0",
    "generator": "THREE.GLTFExporter"
  },
  "scenes": [
    {
      "name": "Scene",
      "nodes": [
        164,
        165
      ]
    }
  ],
  "scene": 0,
  "nodes": [
    {
      "matrix": [
        -0.2908648018408132,
        -0.055189067149024246,
        -0.9551712182507245,
        0,
        0.5663932348819346,
        0.7946722518995321,
        -0.218391279344261,
        0,
        0.7711008639138174,
        -0.604524821887712,
        -0.19988347601878642,
        0,
        4.076245307922363,
        5.903861999511719,
        -1.0054539442062378,
        1
      ],
      "name": "Light",
      "extras": {
        "name": "Light"
      }
    },
    {
      "matrix": [
        0.6859206644277958,
        6.664776224243167e-9,
        -0.72767634204762,
        0,
        0.6515582342844146,
        0.44527141174037677,
        0.6141703889447102,
        0,
        0.3240134761779984,
        -0.8953956692734663,
        0.30542085645114714,
        0,
        -54.69660186767578,
        4.958309173583984,
        1.1461124420166016,
        1
      ],
      "name": "Camera",
      "extras": {
        "name": "Camera"
      }
    },
    {
      "matrix": [
        1,
        3.549417743095761e-21,
        -3.7199351521355175e-23,
        0,
        -4.419862271872908e-22,
        0.11411163532103186,
        -0.9934679658039667,
        0,
        -3.521987946186869e-21,
        0.9934679658039667,
        0.11411163532103186,
        0,
        3.3881317890172014e-21,
        0.014827316626906395,
        -1.0360963642597198e-8,
        1
      ],
      "name": "nose004",
      "extras": {
        "name": "nose.004"
      }
    },
    {
      "matrix": [
        1,
        -1.0000324643733411e-21,
        -8.344441500444114e-23,
        0,
        9.686916863102434e-22,
        0.9402495766402237,
        0.34048516075302987,
        0,
        -2.6203765412815386e-22,
        -0.340485181047533,
        0.9402496326834824,
        0,
        0,
        0.012093445286154747,
        -9.024098801546643e-8,
        1
      ],
      "name": "nose003",
      "extras": {
        "name": "nose.003"
      },
      "children": [
        2
      ]
    },
    {
      "matrix": [
        1,
        -9.565437468673488e-22,
        -7.077526031351463e-22,
        0,
        3.3956094334698186e-22,
        -0.3406617792853055,
        0.9401856456216853,
        0,
        -1.1404330292667997e-21,
        -0.9401857016611233,
        -0.3406617995903322,
        0,
        6.824323521261859e-43,
        0.01910032145678997,
        3.547030402728524e-8,
        1
      ],
      "name": "nose002",
      "extras": {
        "name": "nose.002"
      },
      "children": [
        3
      ]
    },
    {
      "matrix": [
        1,
        -2.148813296476379e-22,
        2.0279281821943684e-21,
        0,
        4.203935393872192e-22,
        0.9947954213334266,
        -0.1018924527692695,
        0,
        -1.995478884707857e-21,
        0.1018924527692695,
        0.9947954213334266,
        0,
        3.3881317890172014e-21,
        0.04900241643190384,
        6.332993507385254e-8,
        1
      ],
      "name": "nose001",
      "extras": {
        "name": "nose.001"
      },
      "children": [
        4
      ]
    },
    {
      "matrix": [
        1,
        -2.1524871443753373e-21,
        -1.0154667881209568e-21,
        0,
        -1.0911826631946333e-21,
        -0.7938357146716081,
        0.6081326485573392,
        0,
        -2.1151116376383577e-21,
        -0.6081326848048718,
        -0.7938357619879067,
        0,
        -3.605278412819092e-21,
        0.11650003492832184,
        0.12890003621578217,
        1
      ],
      "name": "nose",
      "extras": {
        "name": "nose"
      },
      "children": [
        5
      ]
    },
    {
      "matrix": [
        0.8400407568375456,
        0.5331215827042218,
        0.1005612583395331,
        0,
        -0.4748312179189129,
        0.8121462674118064,
        -0.3390483410986022,
        0,
        -0.26242448121556944,
        0.23706483866444247,
        0.9353788867432408,
        0,
        4.0955683289212175e-9,
        0.02024276927113533,
        6.356776793836616e-8,
        1
      ],
      "name": "lipTL001",
      "extras": {
        "name": "lip.T.L.001"
      }
    },
    {
      "matrix": [
        0.2674549997167569,
        -0.02253443791226164,
        0.9633069728427635,
        0,
        0.9633069451396701,
        0.029633209826222296,
        -0.2667619190425794,
        0,
        -0.022534677620268524,
        0.9993071936664948,
        0.02963303829633664,
        0,
        -1.3431709078304266e-9,
        0.03270024061203003,
        0.14630000293254852,
        1
      ],
      "name": "lipTL",
      "extras": {
        "name": "lip.T.L"
      },
      "children": [
        7
      ]
    },
    {
      "matrix": [
        0.9850465116749384,
        0.07620483090618164,
        -0.15451923659653802,
        0,
        -0.07875120934865489,
        0.9968397557599638,
        -0.01041681971955445,
        0,
        0.15323712432335987,
        0.022429631346856778,
        0.9879348642945547,
        0,
        2.1459097609977107e-8,
        0.02084442414343357,
        -1.8497117082461045e-7,
        1
      ],
      "name": "lipBL001",
      "extras": {
        "name": "lip.B.L.001"
      }
    },
    {
      "matrix": [
        0.4212910210572134,
        -0.07675232344347459,
        0.9036719589488497,
        0,
        0.8875262831514243,
        0.23987742268109521,
        -0.39339022505167054,
        0,
        -0.18657690425928178,
        0.9677644185828602,
        0.16917790921147222,
        0,
        -1.3394370057540073e-9,
        0.01650010421872139,
        0.14200006425380707,
        1
      ],
      "name": "lipBL",
      "extras": {
        "name": "lip.B.L"
      },
      "children": [
        9
      ]
    },
    {
      "matrix": [
        0.9999999999999923,
        -1.1969858916835625e-7,
        3.2224945325913176e-8,
        0,
        1.1969837973382063e-7,
        0.8648369116196513,
        -0.5020527230877648,
        0,
        3.222568429056294e-8,
        0.5020527829371204,
        0.8648370147162651,
        0,
        -2.6263374613109958e-15,
        0.0321287140250206,
        3.3527612686157227e-8,
        1
      ],
      "name": "chin001",
      "extras": {
        "name": "chin.001"
      }
    },
    {
      "matrix": [
        0.9999999999986906,
        -2.2884366056495183e-7,
        0.0000016020210097113552,
        0,
        0.0000016018869189604126,
        0.2805417018700307,
        -0.9598417996018099,
        0,
        -2.2977998951183977e-7,
        0.9598417996031193,
        0.2805417018700299,
        0,
        3.9675839111526223e-13,
        0.05759202316403389,
        -5.9371220828552396e-8,
        1
      ],
      "name": "chin",
      "extras": {
        "name": "chin"
      },
      "children": [
        11
      ]
    },
    {
      "matrix": [
        0.9999999999986072,
        0.0000016633406031849107,
        1.3619565923138861e-7,
        0,
        -1.2067715294631272e-13,
        -0.081607631174241,
        0.9966647094705848,
        0,
        0.0000016689074841500043,
        -0.9966647094691968,
        -0.08160763117412731,
        0,
        5.684341886080802e-14,
        -0.03739989176392555,
        0.06980004906654358,
        1
      ],
      "name": "jaw",
      "extras": {
        "name": "jaw"
      },
      "children": [
        12
      ]
    },
    {
      "matrix": [
        0.48297803746912016,
        -0.8667534298634743,
        -0.12438047052573897,
        0,
        -0.8591643888400131,
        -0.4965085440791977,
        0.12375699623160641,
        0,
        -0.16902277725032894,
        0.04709136256998569,
        -0.9844864608157015,
        0,
        -9.824825752957622e-8,
        0.041648633778095245,
        7.413534675038136e-9,
        1
      ],
      "name": "earL004",
      "extras": {
        "name": "ear.L.004"
      }
    },
    {
      "matrix": [
        0.6547890259001352,
        0.705661143392846,
        0.2707274272581702,
        0,
        -0.48695354803531576,
        0.6678184244677333,
        -0.5629340009668101,
        0,
        -0.5780374777358659,
        0.23677135108610767,
        0.7809044582316037,
        0,
        9.207392182020158e-9,
        0.03792697191238403,
        4.9019924119875213e-8,
        1
      ],
      "name": "earL003",
      "extras": {
        "name": "ear.L.003"
      },
      "children": [
        14
      ]
    },
    {
      "matrix": [
        0.7609143432012784,
        0.6488522561330158,
        0.00036728650468528725,
        0,
        0.1607200206347864,
        -0.1879292230266067,
        -0.9689437724601907,
        0,
        -0.6286322038991192,
        0.7373421114482074,
        -0.24728154611102954,
        0,
        -1.2240408686636783e-8,
        0.033056654036045074,
        1.4913379686731787e-7,
        1
      ],
      "name": "earL002",
      "extras": {
        "name": "ear.L.002"
      },
      "children": [
        15
      ]
    },
    {
      "matrix": [
        0.8919431590743517,
        0.05106153032311731,
        0.4492550893891277,
        0,
        0.4272239913567788,
        0.23015461191616343,
        -0.8743619706376052,
        0,
        -0.14804437414146168,
        0.9718136107459707,
        0.1834700980054067,
        0,
        -4.842735989996072e-9,
        0.040206290781497955,
        -8.040603916015243e-8,
        1
      ],
      "name": "earL001",
      "extras": {
        "name": "ear.L.001"
      },
      "children": [
        16
      ]
    },
    {
      "matrix": [
        0.9610586254219837,
        -0.18438402010755833,
        0.20583641012062384,
        0,
        0.1741024579944724,
        0.982435101695609,
        0.06715364193809868,
        0,
        -0.21460299724588594,
        -0.02870196511402212,
        0.9762795499321144,
        0,
        0.09190002828836441,
        0.08090007305145264,
        0.006199938245117664,
        1
      ],
      "name": "earL",
      "extras": {
        "name": "ear.L"
      },
      "children": [
        17
      ]
    },
    {
      "matrix": [
        0.48297803746912016,
        0.8667534298634743,
        0.12438047052573897,
        0,
        0.8591643888400131,
        -0.4965085440791977,
        0.12375699623160641,
        0,
        0.16902277725032894,
        0.04709136256998569,
        -0.9844864608157015,
        0,
        9.824825752957622e-8,
        0.041648633778095245,
        7.413534675038136e-9,
        1
      ],
      "name": "earR004",
      "extras": {
        "name": "ear.R.004"
      }
    },
    {
      "matrix": [
        0.6547890259001352,
        -0.705661143392846,
        -0.2707274272581702,
        0,
        0.48695354803531576,
        0.6678184244677333,
        -0.5629340009668101,
        0,
        0.5780374777358659,
        0.23677135108610767,
        0.7809044582316037,
        0,
        -9.207392182020158e-9,
        0.03792697191238403,
        4.9019924119875213e-8,
        1
      ],
      "name": "earR003",
      "extras": {
        "name": "ear.R.003"
      },
      "children": [
        19
      ]
    },
    {
      "matrix": [
        0.7609143432012784,
        -0.6488522561330158,
        -0.00036728650468528725,
        0,
        -0.1607200206347864,
        -0.1879292230266067,
        -0.9689437724601907,
        0,
        0.6286322038991192,
        0.7373421114482074,
        -0.24728154611102954,
        0,
        1.2240408686636783e-8,
        0.033056654036045074,
        1.4913379686731787e-7,
        1
      ],
      "name": "earR002",
      "extras": {
        "name": "ear.R.002"
      },
      "children": [
        20
      ]
    },
    {
      "matrix": [
        0.8919431590743517,
        -0.05106153032311731,
        -0.4492550893891277,
        0,
        -0.4272239913567788,
        0.23015461191616343,
        -0.8743619706376052,
        0,
        0.14804437414146168,
        0.9718136107459707,
        0.1834700980054067,
        0,
        4.842735989996072e-9,
        0.040206290781497955,
        -8.040603916015243e-8,
        1
      ],
      "name": "earR001",
      "extras": {
        "name": "ear.R.001"
      },
      "children": [
        21
      ]
    },
    {
      "matrix": [
        0.9610586254219837,
        0.18438402010755833,
        -0.20583641012062384,
        0,
        -0.1741024579944724,
        0.982435101695609,
        0.06715364193809868,
        0,
        0.21460299724588594,
        -0.02870196511402212,
        0.9762795499321144,
        0,
        -0.09190002828836441,
        0.08090007305145264,
        0.006199938245117664,
        1
      ],
      "name": "earR",
      "extras": {
        "name": "ear.R"
      },
      "children": [
        22
      ]
    },
    {
      "matrix": [
        0.8400407568375456,
        -0.5331215827042218,
        -0.1005612583395331,
        0,
        0.4748312179189129,
        0.8121462674118064,
        -0.3390483410986022,
        0,
        0.26242448121556944,
        0.23706483866444247,
        0.9353788867432408,
        0,
        -4.0955683289212175e-9,
        0.02024276927113533,
        6.356776793836616e-8,
        1
      ],
      "name": "lipTR001",
      "extras": {
        "name": "lip.T.R.001"
      }
    },
    {
      "matrix": [
        0.2674549997167569,
        0.02253443791226164,
        -0.9633069728427635,
        0,
        -0.9633069451396701,
        0.029633209826222296,
        -0.2667619190425794,
        0,
        0.022534677620268524,
        0.9993071936664948,
        0.02963303829633664,
        0,
        1.3431709078304266e-9,
        0.03270024061203003,
        0.14630000293254852,
        1
      ],
      "name": "lipTR",
      "extras": {
        "name": "lip.T.R"
      },
      "children": [
        24
      ]
    },
    {
      "matrix": [
        0.9850465116749384,
        -0.07620483090618164,
        0.15451923659653802,
        0,
        0.07875120934865489,
        0.9968397557599638,
        -0.01041681971955445,
        0,
        -0.15323712432335987,
        0.022429631346856778,
        0.9879348642945547,
        0,
        -2.1459097609977107e-8,
        0.02084442414343357,
        -1.8497117082461045e-7,
        1
      ],
      "name": "lipBR001",
      "extras": {
        "name": "lip.B.R.001"
      }
    },
    {
      "matrix": [
        0.4212910210572134,
        0.07675232344347459,
        -0.9036719589488497,
        0,
        -0.8875262831514243,
        0.23987742268109521,
        -0.39339022505167054,
        0,
        0.18657690425928178,
        0.9677644185828602,
        0.16917790921147222,
        0,
        1.3394370057540073e-9,
        0.01650010421872139,
        0.14200006425380707,
        1
      ],
      "name": "lipBR",
      "extras": {
        "name": "lip.B.R"
      },
      "children": [
        26
      ]
    },
    {
      "matrix": [
        0.8423239508960514,
        -0.3564138478896403,
        -0.4043015920033955,
        0,
        0.15764021570122913,
        0.8802499702235728,
        -0.4475598249220283,
        0,
        0.5154028290697129,
        0.31325607589725585,
        0.7976405492981338,
        0,
        -8.540284035518653e-9,
        0.019073011353611946,
        1.407504441885976e-7,
        1
      ],
      "name": "browBL003",
      "extras": {
        "name": "brow.B.L.003"
      }
    },
    {
      "matrix": [
        0.7615550615137509,
        -0.5900036907295997,
        -0.2681969123548563,
        0,
        0.5187057082208031,
        0.8029717998080234,
        -0.29356552722295337,
        0,
        0.3885592874142744,
        0.0844510408426935,
        0.9175454862611627,
        0,
        -1.8084506336890627e-8,
        0.014979328960180283,
        1.1056439319645506e-7,
        1
      ],
      "name": "browBL002",
      "extras": {
        "name": "brow.B.L.002"
      },
      "children": [
        28
      ]
    },
    {
      "matrix": [
        0.7348410397701458,
        -0.27543466822364576,
        -0.6197940457870973,
        0,
        -0.029588821717381357,
        0.8999387184022044,
        -0.4350112831120939,
        0,
        0.6775937661318148,
        0.3380030785556577,
        0.6531620376973049,
        0,
        1.1175870895385742e-8,
        0.015322196297347546,
        3.771856427192688e-8,
        1
      ],
      "name": "browBL001",
      "extras": {
        "name": "brow.B.L.001"
      },
      "children": [
        29
      ]
    },
    {
      "matrix": [
        -0.23109698690290711,
        0.7789786286140454,
        -0.5829126836793508,
        0,
        -0.5678031351257913,
        0.37853587887075935,
        0.7309653274147924,
        0,
        0.7900595711669652,
        0.49990339391491356,
        0.3548278956848999,
        0,
        0.07909999042749405,
        0.12070005387067795,
        0.09899996966123581,
        1
      ],
      "name": "browBL",
      "extras": {
        "name": "brow.B.L"
      },
      "children": [
        30
      ]
    },
    {
      "matrix": [
        0.825183172096916,
        0.5407365333618205,
        -0.1633308809309592,
        0,
        -0.5481614997921929,
        0.8363723778979496,
        -0.00046864986876709013,
        0,
        0.13635200436824002,
        0.08991841156179643,
        0.9865712394424753,
        0,
        6.180941092281955e-9,
        0.01658487506210804,
        -9.738866424413573e-8,
        1
      ],
      "name": "lidBL003",
      "extras": {
        "name": "lid.B.L.003"
      }
    },
    {
      "matrix": [
        0.8906051549634664,
        0.4438765256837089,
        -0.09897522401331861,
        0,
        -0.3559033409624033,
        0.8157567884929632,
        0.4559316679340536,
        0,
        0.2831170570594668,
        -0.37082945666990763,
        0.8844942816788052,
        0,
        3.5202805115375213e-9,
        0.016152409836649895,
        -1.5739755099275499e-7,
        1
      ],
      "name": "lidBL002",
      "extras": {
        "name": "lid.B.L.002"
      },
      "children": [
        32
      ]
    },
    {
      "matrix": [
        0.9824913761859818,
        0.0899164883152032,
        -0.16317353669989562,
        0,
        -0.06359347690030934,
        0.9850792483759097,
        0.15992068700476028,
        0,
        0.17511839230424067,
        -0.14674394077629999,
        0.9735500843286892,
        0,
        -5.449839690641056e-9,
        0.013630444183945656,
        9.929289035426336e-8,
        1
      ],
      "name": "lidBL001",
      "extras": {
        "name": "lid.B.L.001"
      },
      "children": [
        33
      ]
    },
    {
      "matrix": [
        -0.8289883206731515,
        -0.15492285091426816,
        -0.5373798035782598,
        0,
        0.47925712852865393,
        -0.6920331293446379,
        -0.5398171183528386,
        0,
        -0.288254654760231,
        -0.7050452721247251,
        0.6479353409980722,
        0,
        3.7431522770248193e-8,
        0.018938295543193817,
        -3.443593410423773e-9,
        1
      ],
      "name": "lidBL",
      "extras": {
        "name": "lid.B.L"
      },
      "children": [
        34
      ]
    },
    {
      "matrix": [
        0.8464874502495169,
        -0.15763646776153104,
        -0.5085370989320148,
        0,
        0.026531218079144357,
        0.966465362255335,
        -0.25542255039233897,
        0,
        0.5317473367487136,
        0.20271985056749947,
        0.8222829896803765,
        0,
        1.2748969879794458e-8,
        0.013011859729886055,
        3.833228134908495e-8,
        1
      ],
      "name": "lidTL003",
      "extras": {
        "name": "lid.T.L.003"
      },
      "children": [
        35
      ]
    },
    {
      "matrix": [
        0.7597447735157884,
        -0.633896513445704,
        -0.14478637740157177,
        0,
        0.5091402230882429,
        0.7184637522052179,
        -0.47390538626106193,
        0,
        0.40443073412829844,
        0.2863305705927099,
        0.8685912889190168,
        0,
        5.425592419783243e-8,
        0.015333933755755424,
        -1.3395521136772004e-7,
        1
      ],
      "name": "lidTL002",
      "extras": {
        "name": "lid.T.L.002"
      },
      "children": [
        36
      ]
    },
    {
      "matrix": [
        0.6228738185549856,
        -0.38409243777207946,
        -0.6815432770994216,
        0,
        0.11468697148561324,
        0.9065984686272203,
        -0.4061108275534859,
        0,
        0.7738701402306559,
        0.17479165672665556,
        0.6087468100745125,
        0,
        -1.4718802177071666e-8,
        0.017160383984446526,
        -6.875906422010303e-8,
        1
      ],
      "name": "lidTL001",
      "extras": {
        "name": "lid.T.L.001"
      },
      "children": [
        37
      ]
    },
    {
      "matrix": [
        -0.24128363512490436,
        0.8569495995920591,
        -0.4554334089422696,
        0,
        -0.5244621648840387,
        0.2797178228126874,
        0.8041751145918656,
        0,
        0.8165303844302585,
        0.43289188694261377,
        0.38194630950299635,
        0,
        0.07680001109838486,
        0.11340004205703735,
        0.09710001945495605,
        1
      ],
      "name": "lidTL",
      "extras": {
        "name": "lid.T.L"
      },
      "children": [
        38
      ]
    },
    {
      "matrix": [
        0.8423239508960514,
        0.3564138478896403,
        0.4043015920033955,
        0,
        -0.15764021570122913,
        0.8802499702235728,
        -0.4475598249220283,
        0,
        -0.5154028290697129,
        0.31325607589725585,
        0.7976405492981338,
        0,
        8.540284035518653e-9,
        0.019073011353611946,
        1.407504441885976e-7,
        1
      ],
      "name": "browBR003",
      "extras": {
        "name": "brow.B.R.003"
      }
    },
    {
      "matrix": [
        0.7615550615137509,
        0.5900036907295997,
        0.2681969123548563,
        0,
        -0.5187057082208031,
        0.8029717998080234,
        -0.29356552722295337,
        0,
        -0.3885592874142744,
        0.0844510408426935,
        0.9175454862611627,
        0,
        1.8084506336890627e-8,
        0.014979328960180283,
        1.1056439319645506e-7,
        1
      ],
      "name": "browBR002",
      "extras": {
        "name": "brow.B.R.002"
      },
      "children": [
        40
      ]
    },
    {
      "matrix": [
        0.7348410397701458,
        0.27543466822364576,
        0.6197940457870973,
        0,
        0.029588821717381357,
        0.8999387184022044,
        -0.4350112831120939,
        0,
        -0.6775937661318148,
        0.3380030785556577,
        0.6531620376973049,
        0,
        -1.1175870895385742e-8,
        0.015322196297347546,
        3.771856427192688e-8,
        1
      ],
      "name": "browBR001",
      "extras": {
        "name": "brow.B.R.001"
      },
      "children": [
        41
      ]
    },
    {
      "matrix": [
        -0.23109698690290711,
        -0.7789786286140454,
        0.5829126836793508,
        0,
        0.5678031351257913,
        0.37853587887075935,
        0.7309653274147924,
        0,
        -0.7900595711669652,
        0.49990339391491356,
        0.3548278956848999,
        0,
        -0.07909999042749405,
        0.12070005387067795,
        0.09899996966123581,
        1
      ],
      "name": "browBR",
      "extras": {
        "name": "brow.B.R"
      },
      "children": [
        42
      ]
    },
    {
      "matrix": [
        0.825183172096916,
        -0.5407365333618205,
        0.1633308809309592,
        0,
        0.5481614997921929,
        0.8363723778979496,
        -0.00046864986876709013,
        0,
        -0.13635200436824002,
        0.08991841156179643,
        0.9865712394424753,
        0,
        -6.180941092281955e-9,
        0.01658487506210804,
        -9.738866424413573e-8,
        1
      ],
      "name": "lidBR003",
      "extras": {
        "name": "lid.B.R.003"
      }
    },
    {
      "matrix": [
        0.8906051549634664,
        -0.4438765256837089,
        0.09897522401331861,
        0,
        0.3559033409624033,
        0.8157567884929632,
        0.4559316679340536,
        0,
        -0.2831170570594668,
        -0.37082945666990763,
        0.8844942816788052,
        0,
        -3.5202805115375213e-9,
        0.016152409836649895,
        -1.5739755099275499e-7,
        1
      ],
      "name": "lidBR002",
      "extras": {
        "name": "lid.B.R.002"
      },
      "children": [
        44
      ]
    },
    {
      "matrix": [
        0.9824913761859818,
        -0.0899164883152032,
        0.16317353669989562,
        0,
        0.06359347690030934,
        0.9850792483759097,
        0.15992068700476028,
        0,
        -0.17511839230424067,
        -0.14674394077629999,
        0.9735500843286892,
        0,
        5.449839690641056e-9,
        0.013630444183945656,
        9.929289035426336e-8,
        1
      ],
      "name": "lidBR001",
      "extras": {
        "name": "lid.B.R.001"
      },
      "children": [
        45
      ]
    },
    {
      "matrix": [
        -0.8289883206731515,
        0.15492285091426816,
        0.5373798035782598,
        0,
        -0.47925712852865393,
        -0.6920331293446379,
        -0.5398171183528386,
        0,
        0.288254654760231,
        -0.7050452721247251,
        0.6479353409980722,
        0,
        -3.7431522770248193e-8,
        0.018938295543193817,
        -3.443593410423773e-9,
        1
      ],
      "name": "lidBR",
      "extras": {
        "name": "lid.B.R"
      },
      "children": [
        46
      ]
    },
    {
      "matrix": [
        0.8464874502495169,
        0.15763646776153104,
        0.5085370989320148,
        0,
        -0.026531218079144357,
        0.966465362255335,
        -0.25542255039233897,
        0,
        -0.5317473367487136,
        0.20271985056749947,
        0.8222829896803765,
        0,
        -1.2748969879794458e-8,
        0.013011859729886055,
        3.833228134908495e-8,
        1
      ],
      "name": "lidTR003",
      "extras": {
        "name": "lid.T.R.003"
      },
      "children": [
        47
      ]
    },
    {
      "matrix": [
        0.7597447735157884,
        0.633896513445704,
        0.14478637740157177,
        0,
        -0.5091402230882429,
        0.7184637522052179,
        -0.47390538626106193,
        0,
        -0.40443073412829844,
        0.2863305705927099,
        0.8685912889190168,
        0,
        -5.425592419783243e-8,
        0.015333933755755424,
        -1.3395521136772004e-7,
        1
      ],
      "name": "lidTR002",
      "extras": {
        "name": "lid.T.R.002"
      },
      "children": [
        48
      ]
    },
    {
      "matrix": [
        0.6228738185549856,
        0.38409243777207946,
        0.6815432770994216,
        0,
        -0.11468697148561324,
        0.9065984686272203,
        -0.4061108275534859,
        0,
        -0.7738701402306559,
        0.17479165672665556,
        0.6087468100745125,
        0,
        1.4718802177071666e-8,
        0.017160383984446526,
        -6.875906422010303e-8,
        1
      ],
      "name": "lidTR001",
      "extras": {
        "name": "lid.T.R.001"
      },
      "children": [
        49
      ]
    },
    {
      "matrix": [
        -0.24128363512490436,
        -0.8569495995920591,
        0.4554334089422696,
        0,
        0.5244621648840387,
        0.2797178228126874,
        0.8041751145918656,
        0,
        -0.8165303844302585,
        0.43289188694261377,
        0.38194630950299635,
        0,
        -0.07680001109838486,
        0.11340004205703735,
        0.09710001945495605,
        1
      ],
      "name": "lidTR",
      "extras": {
        "name": "lid.T.R"
      },
      "children": [
        50
      ]
    },
    {
      "matrix": [
        0.8459835290889002,
        -0.47406429924489574,
        -0.2440802469836592,
        0,
        0.4267166582413299,
        0.8764096597642053,
        -0.2232022764319086,
        0,
        0.3197264361890128,
        0.08467232082282843,
        0.9437190319923736,
        0,
        -8.914128102333052e-9,
        0.04087480157613754,
        -5.298696148514637e-9,
        1
      ],
      "name": "browTL003",
      "extras": {
        "name": "brow.T.L.003"
      }
    },
    {
      "matrix": [
        0.6418385458887442,
        -0.5472360612138274,
        -0.5371928765453449,
        0,
        0.16514231527153747,
        0.7827300761882655,
        -0.6000515528743156,
        0,
        0.7488466957010065,
        0.2964228713431952,
        0.5927580264965115,
        0,
        -3.695133443670784e-8,
        0.033182721585035324,
        -4.7729358243486786e-8,
        1
      ],
      "name": "browTL002",
      "extras": {
        "name": "brow.T.L.002"
      },
      "children": [
        52
      ]
    },
    {
      "matrix": [
        -0.2906861029623365,
        -0.2574831351228799,
        -0.9215228300138016,
        0,
        -0.7498415345649021,
        0.6595512761824822,
        0.05224524251187391,
        0,
        0.594339215025619,
        0.7061829708345925,
        -0.38479389095687844,
        0,
        1.95672171798833e-8,
        0.04016091302037239,
        -1.812878167584131e-7,
        1
      ],
      "name": "browTL001",
      "extras": {
        "name": "brow.T.L.001"
      },
      "children": [
        53
      ]
    },
    {
      "matrix": [
        0.8812970448137148,
        0.4398968442465028,
        -0.17264566529113393,
        0,
        -0.01064327728135882,
        0.3837231949470041,
        0.9233868318393952,
        0,
        0.47244304285800665,
        -0.8119404731632744,
        0.3428560206904583,
        0,
        3.6793981195160086e-8,
        0.06941542029380798,
        -1.1971266644650314e-7,
        1
      ],
      "name": "browTL",
      "extras": {
        "name": "brow.T.L"
      },
      "children": [
        54
      ]
    },
    {
      "matrix": [
        0.7539783479146884,
        0.6246292635310909,
        -0.20335887035043793,
        0,
        -0.3526126053510383,
        0.6460349706585818,
        0.6769809371825926,
        0,
        0.5542390735597185,
        -0.43872208989317485,
        0.7073485671368344,
        0,
        -2.1622154733336174e-8,
        0.05032901465892792,
        -1.2135612337260682e-7,
        1
      ],
      "name": "cheekBL001",
      "extras": {
        "name": "cheek.B.L.001"
      },
      "children": [
        55
      ]
    },
    {
      "matrix": [
        0.7191593474565374,
        0.044113940409653545,
        0.6934433066584033,
        0,
        0.68776074213013,
        0.09695465731124948,
        -0.7194339192614756,
        0,
        -0.09896964711745083,
        0.9943108028121381,
        0.03938601027190031,
        0,
        3.849574170544656e-8,
        0.05680736154317856,
        -4.211649695662345e-8,
        1
      ],
      "name": "cheekBL",
      "extras": {
        "name": "cheek.B.L"
      },
      "children": [
        56
      ]
    },
    {
      "matrix": [
        0.25522368904354953,
        -0.36731796321203086,
        -0.8943924587846807,
        0,
        -0.9573710873844918,
        -0.22542976427548542,
        -0.1806135352264036,
        0,
        -0.13528015602183868,
        0.9023628288076806,
        -0.40919484185547483,
        0,
        -1.2133480709053401e-7,
        0.08610532432794571,
        -1.2233359214519623e-8,
        1
      ],
      "name": "chinL",
      "extras": {
        "name": "chin.L"
      },
      "children": [
        57
      ]
    },
    {
      "matrix": [
        0.586958891870283,
        0.7481463098094081,
        0.3094452376625324,
        0,
        -0.5284310035307045,
        0.6435890327693267,
        -0.5536730340125985,
        0,
        -0.6133839997481916,
        0.1614628532839845,
        0.7731040124530233,
        0,
        -1.3362463135990765e-8,
        0.07789182662963867,
        4.435162015425931e-9,
        1
      ],
      "name": "jawL001",
      "extras": {
        "name": "jaw.L.001"
      },
      "children": [
        58
      ]
    },
    {
      "matrix": [
        0.9326600885703275,
        0.2524165020614179,
        0.25774224980423777,
        0,
        -0.25022733639671185,
        0.967282980356643,
        -0.04182914010748498,
        0,
        -0.25986807244301624,
        -0.025481788663742826,
        0.9653077972704606,
        0,
        1.1377956354863272e-8,
        0.07872859388589859,
        -3.2100910818400052e-9,
        1
      ],
      "name": "jawL",
      "extras": {
        "name": "jaw.L"
      },
      "children": [
        59
      ]
    },
    {
      "matrix": [
        0.7420803340443876,
        0.10761439929134346,
        0.6616163374284304,
        0,
        -0.34529962791206875,
        0.9073636361441072,
        0.23970791188230547,
        0,
        -0.5745303759128889,
        -0.4063382560700572,
        0.7104956664042688,
        0,
        -0.015478325076401234,
        0.004904973320662975,
        0.039068836718797684,
        1
      ],
      "name": "templeL",
      "extras": {
        "name": "temple.L"
      },
      "children": [
        60
      ]
    },
    {
      "matrix": [
        0.8445420294120721,
        0.010499118686903926,
        0.5353862318991606,
        0,
        -0.0033989512717560438,
        0.9998927349610658,
        -0.014246603366232555,
        0,
        -0.535478476204108,
        0.01021210543140716,
        0.8444872765762335,
        0,
        -0.015268044546246529,
        -0.002125899540260434,
        0.030018972232937813,
        1
      ],
      "name": "foreheadL002",
      "extras": {
        "name": "forehead.L.002"
      },
      "children": [
        61
      ]
    },
    {
      "matrix": [
        0.9629161111819383,
        -0.10920913237052529,
        0.24671000544032465,
        0,
        0.08340436059451083,
        0.9901158746571836,
        0.11275705259601662,
        0,
        -0.2565855921234028,
        -0.08799889213948747,
        0.9625070433169549,
        0,
        -0.011336135677993298,
        -0.007927795872092247,
        0.032107602804899216,
        1
      ],
      "name": "foreheadL001",
      "extras": {
        "name": "forehead.L.001"
      },
      "children": [
        62
      ]
    },
    {
      "matrix": [
        0.024978850900981443,
        0.3687894879180388,
        0.9291773924023993,
        0,
        0.07783264922468335,
        -0.9273637092894655,
        0.3659772858509663,
        0,
        0.9966547967860038,
        0.06317870040610193,
        -0.051868373423312,
        0,
        0.016800008714199066,
        0.18910016119480133,
        0.10780003666877747,
        1
      ],
      "name": "foreheadL",
      "extras": {
        "name": "forehead.L"
      },
      "children": [
        63
      ]
    },
    {
      "matrix": [
        0.8459835290889002,
        0.47406429924489574,
        0.2440802469836592,
        0,
        -0.4267166582413299,
        0.8764096597642053,
        -0.2232022764319086,
        0,
        -0.3197264361890128,
        0.08467232082282843,
        0.9437190319923736,
        0,
        8.914128102333052e-9,
        0.04087480157613754,
        -5.298696148514637e-9,
        1
      ],
      "name": "browTR003",
      "extras": {
        "name": "brow.T.R.003"
      }
    },
    {
      "matrix": [
        0.6418385458887442,
        0.5472360612138274,
        0.5371928765453449,
        0,
        -0.16514231527153747,
        0.7827300761882655,
        -0.6000515528743156,
        0,
        -0.7488466957010065,
        0.2964228713431952,
        0.5927580264965115,
        0,
        3.695133443670784e-8,
        0.033182721585035324,
        -4.7729358243486786e-8,
        1
      ],
      "name": "browTR002",
      "extras": {
        "name": "brow.T.R.002"
      },
      "children": [
        65
      ]
    },
    {
      "matrix": [
        -0.2906861029623365,
        0.2574831351228799,
        0.9215228300138016,
        0,
        0.7498415345649021,
        0.6595512761824822,
        0.05224524251187391,
        0,
        -0.594339215025619,
        0.7061829708345925,
        -0.38479389095687844,
        0,
        -1.95672171798833e-8,
        0.04016091302037239,
        -1.812878167584131e-7,
        1
      ],
      "name": "browTR001",
      "extras": {
        "name": "brow.T.R.001"
      },
      "children": [
        66
      ]
    },
    {
      "matrix": [
        0.8812970448137148,
        -0.4398968442465028,
        0.17264566529113393,
        0,
        0.01064327728135882,
        0.3837231949470041,
        0.9233868318393952,
        0,
        -0.47244304285800665,
        -0.8119404731632744,
        0.3428560206904583,
        0,
        -3.6793981195160086e-8,
        0.06941542029380798,
        -1.1971266644650314e-7,
        1
      ],
      "name": "browTR",
      "extras": {
        "name": "brow.T.R"
      },
      "children": [
        67
      ]
    },
    {
      "matrix": [
        0.7539783479146884,
        -0.6246292635310909,
        0.20335887035043793,
        0,
        0.3526126053510383,
        0.6460349706585818,
        0.6769809371825926,
        0,
        -0.5542390735597185,
        -0.43872208989317485,
        0.7073485671368344,
        0,
        2.1622154733336174e-8,
        0.05032901465892792,
        -1.2135612337260682e-7,
        1
      ],
      "name": "cheekBR001",
      "extras": {
        "name": "cheek.B.R.001"
      },
      "children": [
        68
      ]
    },
    {
      "matrix": [
        0.7191593474565374,
        -0.044113940409653545,
        -0.6934433066584033,
        0,
        -0.68776074213013,
        0.09695465731124948,
        -0.7194339192614756,
        0,
        0.09896964711745083,
        0.9943108028121381,
        0.03938601027190031,
        0,
        -3.849574170544656e-8,
        0.05680736154317856,
        -4.211649695662345e-8,
        1
      ],
      "name": "cheekBR",
      "extras": {
        "name": "cheek.B.R"
      },
      "children": [
        69
      ]
    },
    {
      "matrix": [
        0.25522368904354953,
        0.36731796321203086,
        0.8943924587846807,
        0,
        0.9573710873844918,
        -0.22542976427548542,
        -0.1806135352264036,
        0,
        0.13528015602183868,
        0.9023628288076806,
        -0.40919484185547483,
        0,
        1.2133480709053401e-7,
        0.08610532432794571,
        -1.2233359214519623e-8,
        1
      ],
      "name": "chinR",
      "extras": {
        "name": "chin.R"
      },
      "children": [
        70
      ]
    },
    {
      "matrix": [
        0.586958891870283,
        -0.7481463098094081,
        -0.3094452376625324,
        0,
        0.5284310035307045,
        0.6435890327693267,
        -0.5536730340125985,
        0,
        0.6133839997481916,
        0.1614628532839845,
        0.7731040124530233,
        0,
        1.3362463135990765e-8,
        0.07789182662963867,
        4.435162015425931e-9,
        1
      ],
      "name": "jawR001",
      "extras": {
        "name": "jaw.R.001"
      },
      "children": [
        71
      ]
    },
    {
      "matrix": [
        0.9326600885703275,
        -0.2524165020614179,
        -0.25774224980423777,
        0,
        0.25022733639671185,
